t	y
0.000	0.000
0.034	0.004
0.067	0.014
0.100	0.029
0.134	0.044
0.167	0.055
0.201	0.062
0.234	0.060
0.268	0.057
0.302	0.056
0.335	0.057
0.369	0.060
0.402	0.066
0.436	0.074
0.469	0.082
0.503	0.089
0.536	0.095
0.570	0.098
0.603	0.101
0.637	0.103
0.671	0.105
0.704	0.109
0.737	0.113
0.771	0.119
0.804	0.125
0.838	0.130
0.871	0.135
0.905	0.139
0.939	0.143
0.972	0.146
1.006	0.149
1.039	0.153
1.073	0.157
1.106	0.162
1.140	0.166
1.173	0.170
1.207	0.174
1.240	0.177
1.274	0.180
1.308	0.183
1.341	0.186
1.375	0.189
1.408	0.193
1.441	0.197
1.475	0.201
1.508	0.205
1.542	0.208
1.575	0.211
1.609	0.215
1.643	0.217
1.676	0.221
1.710	0.224
1.743	0.227
