t	y
0.000	0.000
0.033	0.001
0.067	0.005
0.100	0.012
0.134	0.020
0.168	0.028
0.201	0.032
0.235	0.032
0.268	0.031
0.302	0.031
0.335	0.032
0.369	0.036
0.402	0.041
0.436	0.047
0.469	0.052
0.503	0.054
0.537	0.055
0.570	0.055
0.604	0.056
0.637	0.059
0.670	0.063
0.704	0.068
0.738	0.072
0.771	0.075
0.804	0.077
0.838	0.078
0.872	0.079
0.905	0.080
0.939	0.083
0.972	0.087
1.006	0.090
1.039	0.094
1.073	0.096
1.106	0.099
1.140	0.100
1.173	0.102
1.207	0.104
1.241	0.107
1.274	0.110
1.308	0.113
1.341	0.116
1.375	0.118
1.408	0.121
1.441	0.123
1.475	0.126
1.509	0.128
