t	y
0.000	0.000
0.034	0.004
0.067	0.010
0.101	0.021
0.134	0.029
0.168	0.036
0.201	0.039
0.235	0.039
0.268	0.039
0.302	0.040
0.335	0.042
0.369	0.046
0.403	0.050
0.436	0.056
0.470	0.061
0.503	0.065
0.537	0.067
0.570	0.069
0.603	0.070
0.637	0.073
0.670	0.076
0.704	0.080
0.738	0.085
0.771	0.089
0.805	0.093
0.838	0.096
0.872	0.099
0.905	0.102
0.939	0.104
0.972	0.107
1.006	0.111
1.040	0.115
1.073	0.119
1.107	0.123
1.140	0.127
1.174	0.130
1.207	0.133
1.241	0.137
1.274	0.140
1.308	0.143
1.341	0.148
1.375	0.151
1.408	0.155
1.442	0.159
1.476	0.162
1.509	0.166
1.542	0.169
1.576	0.172
1.609	0.176
1.643	0.179
1.676	0.182
1.710	0.185
1.744	0.189
1.777	0.192
1.811	0.195
1.844	0.198
1.878	0.201
1.911	0.204
1.945	0.207
1.978	0.209
2.012	0.212
2.045	0.214
2.079	0.217
2.113	0.220
2.146	0.223
2.180	0.226
2.213	0.228
2.246	0.230
2.280	0.232
2.313	0.234
2.347	0.237
2.381	0.241
2.414	0.244
2.448	0.246
