t	y
0.000	0.000
0.034	0.001
0.067	0.005
0.101	0.014
0.134	0.020
0.168	0.018
0.201	0.016
0.235	0.016
0.268	0.019
0.302	0.023
0.335	0.028
0.369	0.028
0.403	0.028
0.436	0.029
0.470	0.031
0.503	0.034
0.537	0.036
0.570	0.038
0.604	0.040
0.637	0.040
0.671	0.042
0.704	0.043
0.738	0.045
0.771	0.047
0.805	0.048
0.839	0.050
0.872	0.051
0.905	0.053
0.939	0.054
0.972	0.056
1.006	0.057
1.039	0.058
1.073	0.060
1.107	0.061
1.140	0.063
1.174	0.064
1.207	0.065
1.241	0.066
1.274	0.068
1.308	0.069
1.341	0.071
1.375	0.073
1.408	0.074
1.442	0.075
1.476	0.076
1.509	0.078
1.542	0.080
1.576	0.081
1.609	0.083
1.643	0.084
1.676	0.086
1.710	0.087
1.744	0.089
1.777	0.090
1.811	0.092
1.844	0.093
1.878	0.095
1.911	0.096
1.945	0.098
1.978	0.100
2.012	0.101
2.045	0.103
2.079	0.105
2.113	0.106
2.146	0.108
2.180	0.109
2.213	0.111
2.246	0.112
2.280	0.114
2.313	0.116
2.347	0.118
2.380	0.119
2.414	0.120
2.448	0.122
2.481	0.124
2.515	0.126
2.548	0.128
2.582	0.129
2.615	0.131
2.649	0.133
2.682	0.134
2.716	0.136
2.749	0.138
2.783	0.140
2.817	0.141
2.850	0.143
2.884	0.144
2.917	0.146
2.950	0.148
2.984	0.150
3.017	0.151
3.051	0.153
3.085	0.154
3.118	0.155
3.152	0.157
3.185	0.159
3.219	0.161
3.252	0.163
3.286	0.164
3.319	0.166
3.353	0.167
3.386	0.169
3.420	0.171
3.454	0.172
3.487	0.174
3.521	0.175
3.554	0.177
3.587	0.178
3.621	0.180
3.654	0.181
3.688	0.182
3.721	0.183
3.755	0.185
3.789	0.186
3.822	0.187
3.856	0.188
3.889	0.189
3.923	0.190
3.956	0.192
3.990	0.193
4.023	0.194
4.057	0.195
4.090	0.197
4.124	0.198
4.158	0.198
4.191	0.200
4.225	0.201
4.258	0.202
4.292	0.203
4.325	0.204
4.358	0.205
4.392	0.206
4.426	0.208
4.459	0.209
4.493	0.210
4.526	0.211
4.560	0.212
4.593	0.214
4.627	0.215
4.660	0.216
4.694	0.217
4.727	0.219
4.761	0.220
4.795	0.221
4.828	0.222
4.862	0.223
4.895	0.225
4.929	0.226
4.962	0.227
4.995	0.229
5.029	0.230
5.062	0.231
5.096	0.232
5.130	0.234
5.163	0.235
5.197	0.236
5.230	0.237
5.264	0.238
5.297	0.239
5.331	0.241
5.364	0.242
5.398	0.243
5.431	0.244
5.465	0.246
5.499	0.247
5.532	0.248
5.566	0.250
